P4
200 200
0 0 0 0 0 0 0 0 0 0 0 0 0 0 0 0 0 0 2 0 0 0 0 0 0
0 0 0 0 0 0 0 0 0 0 0 0 0 0 0 0 0 0 0 0 0 0 0 0 0
0 0 0 0 0 0 0 0 0 0 0 0 0 0 0 0 0 0 0 0 0 0 0 0 0
0 0 0 0 0 0 0 0 0 0 0 0 0 0 0 0 0 0 0 0 0 0 0 0 0
0 0 0 0 0 0 0 0 0 0 0 0 0 0 0 0 0 0 0 0 0 0 0 0 0
0 0 0 0 0 0 0 0 0 0 0 0 0 0 0 0 0 0 0 0 0 0 0 0 0
0 0 0 0 0 0 0 0 0 0 0 0 0 0 0 0 0 0 0 0 0 0 0 0 0
0 0 0 0 0 0 0 0 0 0 0 0 0 0 0 0 0 0 0 0 0 0 0 0 0
0 0 0 0 0 0 0 0 0 0 0 0 0 0 0 0 0 0 0 0 0 0 0 0 0
0 0 0 0 0 0 0 0 0 0 0 0 0 0 0 0 0 0 0 0 0 0 0 0 0
0 0 0 0 0 0 0 0 0 0 0 0 0 0 0 0 0 0 0 0 0 0 0 0 0
0 0 0 0 0 0 0 0 0 0 0 0 0 0 0 0 0 240 0 0 0 0 0 0 0
0 0 0 0 0 0 0 0 0 0 0 0 0 0 0 0 0 122 0 0 0 0 0 0 0
0 0 0 0 0 0 0 0 0 0 0 0 0 0 0 0 1 124 0 0 0 0 0 0 0
0 0 0 0 0 0 0 0 0 0 0 0 0 0 0 0 0 124 0 0 0 0 0 0 0
0 0 0 0 0 0 0 0 0 0 0 0 0 0 0 0 0 124 0 0 0 0 0 0 0
0 0 0 0 0 0 0 0 0 0 0 0 0 0 0 0 11 248 0 0 0 0 0 0 0
0 0 0 0 0 0 0 0 0 0 0 0 0 0 0 0 15 255 128 0 0 0 0 0 0
0 0 0 0 0 0 0 0 0 0 0 0 0 0 0 1 127 255 128 0 0 0 0 0 0
0 0 0 0 0 0 0 0 0 0 0 0 0 0 0 0 255 255 208 0 0 0 0 0 0
0 0 0 0 0 0 0 0 0 0 0 0 0 0 0 0 255 255 252 0 0 0 0 0 0
0 0 0 0 0 0 0 0 0 0 0 0 0 0 0 0 127 255 248 0 0 0 0 0 0
0 0 0 0 0 0 0 0 0 0 0 0 0 0 0 1 255 255 240 0 0 0 0 0 0
0 0 0 0 0 0 0 0 0 0 0 0 0 0 0 0 255 255 248 0 0 0 0 0 0
0 0 0 0 0 0 0 0 0 0 0 0 0 0 0 5 255 255 240 0 0 0 0 0 0
0 0 0 0 0 0 0 0 0 0 0 0 0 0 0 3 255 255 248 0 0 0 0 0 0
0 0 0 0 0 0 0 0 0 0 0 0 0 0 0 0 255 255 252 0 0 0 0 0 0
0 0 0 0 0 0 0 0 0 0 0 0 0 0 0 2 255 255 240 0 0 0 0 0 0
0 0 0 0 0 0 0 0 0 0 0 0 0 0 0 3 255 255 228 0 0 0 0 0 0
0 0 0 0 0 0 0 0 0 0 0 0 0 0 0 0 255 255 252 0 0 0 0 0 0
0 0 0 0 0 0 0 0 0 0 0 0 0 0 0 0 127 255 224 0 0 0 0 0 0
0 0 0 0 0 0 0 0 0 0 0 0 0 0 0 0 63 255 224 0 0 0 0 0 0
0 0 0 0 0 0 0 0 0 0 0 0 0 0 0 0 31 255 192 0 0 0 0 0 0
0 0 0 0 0 0 0 0 0 0 0 0 64 0 64 0 31 255 128 0 0 0 0 0 0
0 0 0 0 0 0 0 0 0 0 0 0 0 0 0 192 7 254 1 24 32 0 0 0 0
0 0 0 0 0 0 0 0 0 0 0 0 0 2 65 143 255 255 245 128 0 0 0 0 0
0 0 0 0 0 0 0 0 0 0 0 0 0 0 104 207 255 255 255 176 8 0 0 0 0
0 0 0 0 0 0 0 0 0 0 0 0 2 1 122 255 255 255 255 250 120 0 0 0 0
0 0 0 0 0 0 0 0 0 0 0 1 66 1 255 255 255 255 255 254 124 0 0 0 0
0 0 0 0 0 0 0 0 0 0 0 2 198 0 255 255 255 255 255 255 120 0 64 0 0
0 0 0 0 0 0 0 0 0 0 0 2 255 13 191 255 255 255 255 255 240 0 0 0 0
0 0 0 0 0 0 0 0 0 0 0 0 127 7 255 255 255 255 255 255 252 0 0 0 0
0 0 0 0 0 0 0 0 0 0 0 0 255 151 255 255 255 255 255 255 253 128 98 64 0
0 0 0 0 0 0 0 0 0 0 0 4 255 191 255 255 255 255 255 255 255 129 251 128 0
0 0 0 0 0 0 0 0 0 0 0 7 255 127 255 255 255 255 255 255 255 161 255 0 0
0 0 0 0 0 0 0 0 0 0 0 3 255 255 255 255 255 255 255 255 255 227 254 0 0
0 0 0 0 0 0 0 0 0 0 0 1 255 255 255 255 255 255 255 255 255 247 254 0 0
0 0 0 0 0 0 0 0 0 0 0 0 127 255 255 255 255 255 255 255 255 251 254 0 0
0 0 0 0 0 0 0 0 0 0 0 0 15 255 255 255 255 255 255 255 255 255 255 0 0
0 0 0 0 0 0 0 0 0 0 0 0 63 255 255 255 255 255 255 255 255 255 255 128 0
0 0 0 0 0 0 0 0 0 0 0 1 255 255 255 255 255 255 255 255 255 255 252 0 0
0 0 0 0 0 0 0 0 0 0 0 12 255 255 255 255 255 255 255 255 255 255 250 0 0
0 0 0 0 0 0 0 0 0 0 0 15 255 255 255 255 255 255 255 255 255 255 192 0 0
0 0 0 0 0 0 0 0 0 0 128 7 255 255 255 255 255 255 255 255 255 255 240 0 0
0 0 0 0 0 0 0 0 0 0 17 203 255 255 255 255 255 255 255 255 255 255 232 0 0
0 0 0 0 0 0 0 0 0 0 31 223 255 255 255 255 255 255 255 255 255 255 246 0 0
0 0 0 0 0 0 0 0 0 0 39 255 255 255 255 255 255 255 255 255 255 255 252 0 0
0 0 0 0 0 0 0 0 0 0 35 255 255 255 255 255 255 255 255 255 255 255 253 0 0
0 0 0 0 0 0 0 0 0 0 11 255 255 255 255 255 255 255 255 255 255 255 253 192 0
0 0 0 0 0 0 0 0 0 0 3 255 255 255 255 255 255 255 255 255 255 255 255 128 0
0 0 0 0 0 0 0 0 0 0 1 255 255 255 255 255 255 255 255 255 255 255 254 128 0
0 0 0 0 0 0 0 0 0 0 1 255 255 255 255 255 255 255 255 255 255 255 255 0 0
0 0 0 0 0 0 0 0 0 0 69 255 255 255 255 255 255 255 255 255 255 255 255 132 0
0 0 0 0 0 0 0 0 0 0 7 255 255 255 255 255 255 255 255 255 255 255 255 208 0
0 0 0 0 0 0 0 0 0 0 167 255 255 255 255 255 255 255 255 255 255 255 255 220 0
0 0 0 0 0 0 0 0 0 1 255 255 255 255 255 255 255 255 255 255 255 255 255 254 0
0 0 0 0 0 0 0 0 0 0 127 255 255 255 255 255 255 255 255 255 255 255 255 255 128
0 0 0 0 0 0 0 0 0 0 127 255 255 255 255 255 255 255 255 255 255 255 255 254 0
0 0 0 0 0 0 0 0 0 0 31 255 255 255 255 255 255 255 255 255 255 255 255 252 0
0 0 0 0 0 0 0 0 0 1 95 255 255 255 255 255 255 255 255 255 255 255 255 232 0
0 0 0 0 0 0 16 0 0 0 63 255 255 255 255 255 255 255 255 255 255 255 255 240 0
0 0 0 0 32 0 32 96 0 15 191 255 255 255 255 255 255 255 255 255 255 255 255 224 0
0 0 0 0 0 0 120 0 0 3 255 255 255 255 255 255 255 255 255 255 255 255 255 240 0
0 0 0 0 122 0 240 0 0 1 255 255 255 255 255 255 255 255 255 255 255 255 255 252 0
0 0 0 0 63 24 115 50 0 0 255 255 255 255 255 255 255 255 255 255 255 255 255 248 0
0 0 0 0 126 47 255 112 0 0 255 255 255 255 255 255 255 255 255 255 255 255 255 248 0
0 0 0 1 127 127 255 240 0 7 255 255 255 255 255 255 255 255 255 255 255 255 255 248 0
0 0 0 0 63 255 255 249 0 3 255 255 255 255 255 255 255 255 255 255 255 255 255 254 0
0 0 0 0 63 255 255 255 0 3 255 255 255 255 255 255 255 255 255 255 255 255 255 254 0
0 0 0 0 47 255 255 255 144 15 255 255 255 255 255 255 255 255 255 255 255 255 255 255 192
0 0 0 0 63 255 255 255 224 3 255 255 255 255 255 255 255 255 255 255 255 255 255 240 0
0 0 0 1 127 255 255 255 240 7 255 255 255 255 255 255 255 255 255 255 255 255 255 248 0
0 0 0 0 255 255 255 255 248 15 255 255 255 255 255 255 255 255 255 255 255 255 255 252 0
0 0 0 53 255 255 255 255 254 15 255 255 255 255 255 255 255 255 255 255 255 255 255 240 0
0 0 0 15 255 255 255 255 252 7 255 255 255 255 255 255 255 255 255 255 255 255 255 248 0
0 0 0 31 255 255 255 255 255 143 255 255 255 255 255 255 255 255 255 255 255 255 255 248 0
0 0 0 7 255 255 255 255 255 15 255 255 255 255 255 255 255 255 255 255 255 255 255 254 0
0 0 0 15 255 255 255 255 255 143 255 255 255 255 255 255 255 255 255 255 255 255 255 232 0
0 0 0 63 255 255 255 255 255 143 255 255 255 255 255 255 255 255 255 255 255 255 255 240 0
0 0 0 63 255 255 255 255 255 207 255 255 255 255 255 255 255 255 255 255 255 255 255 240 0
0 0 0 31 255 255 255 255 255 207 255 255 255 255 255 255 255 255 255 255 255 255 255 240 0
0 0 0 63 255 255 255 255 255 207 255 255 255 255 255 255 255 255 255 255 255 255 255 176 0
0 0 0 63 255 255 255 255 255 239 255 255 255 255 255 255 255 255 255 255 255 255 255 128 0
0 1 144 127 255 255 255 255 255 239 255 255 255 255 255 255 255 255 255 255 255 255 255 192 0
0 1 254 127 255 255 255 255 255 255 255 255 255 255 255 255 255 255 255 255 255 255 255 0 0
0 1 254 63 255 255 255 255 255 255 255 255 255 255 255 255 255 255 255 255 255 255 254 128 0
0 3 255 255 255 255 255 255 255 255 255 255 255 255 255 255 255 255 255 255 255 255 254 0 0
0 3 255 255 255 255 255 255 255 255 255 255 255 255 255 255 255 255 255 255 255 255 252 0 0
0 7 255 255 255 255 255 255 255 255 255 255 255 255 255 255 255 255 255 255 255 255 240 0 0
0 31 255 255 255 255 255 255 255 255 255 255 255 255 255 255 255 255 255 255 255 255 192 0 0
255 255 255 255 255 255 255 255 255 255 255 255 255 255 255 255 255 255 255 255 255 255 0 0 0
0 31 255 255 255 255 255 255 255 255 255 255 255 255 255 255 255 255 255 255 255 255 192 0 0
0 7 255 255 255 255 255 255 255 255 255 255 255 255 255 255 255 255 255 255 255 255 240 0 0
0 3 255 255 255 255 255 255 255 255 255 255 255 255 255 255 255 255 255 255 255 255 252 0 0
0 3 255 255 255 255 255 255 255 255 255 255 255 255 255 255 255 255 255 255 255 255 254 0 0
0 1 254 63 255 255 255 255 255 255 255 255 255 255 255 255 255 255 255 255 255 255 254 128 0
0 1 254 127 255 255 255 255 255 255 255 255 255 255 255 255 255 255 255 255 255 255 255 0 0
0 1 144 127 255 255 255 255 255 239 255 255 255 255 255 255 255 255 255 255 255 255 255 192 0
0 0 0 63 255 255 255 255 255 239 255 255 255 255 255 255 255 255 255 255 255 255 255 128 0
0 0 0 63 255 255 255 255 255 207 255 255 255 255 255 255 255 255 255 255 255 255 255 176 0
0 0 0 31 255 255 255 255 255 207 255 255 255 255 255 255 255 255 255 255 255 255 255 240 0
0 0 0 63 255 255 255 255 255 207 255 255 255 255 255 255 255 255 255 255 255 255 255 240 0
0 0 0 63 255 255 255 255 255 143 255 255 255 255 255 255 255 255 255 255 255 255 255 240 0
0 0 0 15 255 255 255 255 255 143 255 255 255 255 255 255 255 255 255 255 255 255 255 232 0
0 0 0 7 255 255 255 255 255 15 255 255 255 255 255 255 255 255 255 255 255 255 255 254 0
0 0 0 31 255 255 255 255 255 143 255 255 255 255 255 255 255 255 255 255 255 255 255 248 0
0 0 0 15 255 255 255 255 252 7 255 255 255 255 255 255 255 255 255 255 255 255 255 248 0
0 0 0 53 255 255 255 255 254 15 255 255 255 255 255 255 255 255 255 255 255 255 255 240 0
0 0 0 0 255 255 255 255 248 15 255 255 255 255 255 255 255 255 255 255 255 255 255 252 0
0 0 0 1 127 255 255 255 240 7 255 255 255 255 255 255 255 255 255 255 255 255 255 248 0
0 0 0 0 63 255 255 255 224 3 255 255 255 255 255 255 255 255 255 255 255 255 255 240 0
0 0 0 0 47 255 255 255 144 15 255 255 255 255 255 255 255 255 255 255 255 255 255 255 192
0 0 0 0 63 255 255 255 0 3 255 255 255 255 255 255 255 255 255 255 255 255 255 254 0
0 0 0 0 63 255 255 249 0 3 255 255 255 255 255 255 255 255 255 255 255 255 255 254 0
0 0 0 1 127 127 255 240 0 7 255 255 255 255 255 255 255 255 255 255 255 255 255 248 0
0 0 0 0 126 47 255 112 0 0 255 255 255 255 255 255 255 255 255 255 255 255 255 248 0
0 0 0 0 63 24 115 50 0 0 255 255 255 255 255 255 255 255 255 255 255 255 255 248 0
0 0 0 0 122 0 240 0 0 1 255 255 255 255 255 255 255 255 255 255 255 255 255 252 0
0 0 0 0 0 0 120 0 0 3 255 255 255 255 255 255 255 255 255 255 255 255 255 240 0
0 0 0 0 32 0 32 96 0 15 191 255 255 255 255 255 255 255 255 255 255 255 255 224 0
0 0 0 0 0 0 16 0 0 0 63 255 255 255 255 255 255 255 255 255 255 255 255 240 0
0 0 0 0 0 0 0 0 0 1 95 255 255 255 255 255 255 255 255 255 255 255 255 232 0
0 0 0 0 0 0 0 0 0 0 31 255 255 255 255 255 255 255 255 255 255 255 255 252 0
0 0 0 0 0 0 0 0 0 0 127 255 255 255 255 255 255 255 255 255 255 255 255 254 0
0 0 0 0 0 0 0 0 0 0 127 255 255 255 255 255 255 255 255 255 255 255 255 255 128
0 0 0 0 0 0 0 0 0 1 255 255 255 255 255 255 255 255 255 255 255 255 255 254 0
0 0 0 0 0 0 0 0 0 0 167 255 255 255 255 255 255 255 255 255 255 255 255 220 0
0 0 0 0 0 0 0 0 0 0 7 255 255 255 255 255 255 255 255 255 255 255 255 208 0
0 0 0 0 0 0 0 0 0 0 69 255 255 255 255 255 255 255 255 255 255 255 255 132 0
0 0 0 0 0 0 0 0 0 0 1 255 255 255 255 255 255 255 255 255 255 255 255 0 0
0 0 0 0 0 0 0 0 0 0 1 255 255 255 255 255 255 255 255 255 255 255 254 128 0
0 0 0 0 0 0 0 0 0 0 3 255 255 255 255 255 255 255 255 255 255 255 255 128 0
0 0 0 0 0 0 0 0 0 0 11 255 255 255 255 255 255 255 255 255 255 255 253 192 0
0 0 0 0 0 0 0 0 0 0 35 255 255 255 255 255 255 255 255 255 255 255 253 0 0
0 0 0 0 0 0 0 0 0 0 39 255 255 255 255 255 255 255 255 255 255 255 252 0 0
0 0 0 0 0 0 0 0 0 0 31 223 255 255 255 255 255 255 255 255 255 255 246 0 0
0 0 0 0 0 0 0 0 0 0 17 203 255 255 255 255 255 255 255 255 255 255 232 0 0
0 0 0 0 0 0 0 0 0 0 128 7 255 255 255 255 255 255 255 255 255 255 240 0 0
0 0 0 0 0 0 0 0 0 0 0 15 255 255 255 255 255 255 255 255 255 255 192 0 0
0 0 0 0 0 0 0 0 0 0 0 12 255 255 255 255 255 255 255 255 255 255 250 0 0
0 0 0 0 0 0 0 0 0 0 0 1 255 255 255 255 255 255 255 255 255 255 252 0 0
0 0 0 0 0 0 0 0 0 0 0 0 63 255 255 255 255 255 255 255 255 255 255 128 0
0 0 0 0 0 0 0 0 0 0 0 0 15 255 255 255 255 255 255 255 255 255 255 0 0
0 0 0 0 0 0 0 0 0 0 0 0 127 255 255 255 255 255 255 255 255 251 254 0 0
0 0 0 0 0 0 0 0 0 0 0 1 255 255 255 255 255 255 255 255 255 247 254 0 0
0 0 0 0 0 0 0 0 0 0 0 3 255 255 255 255 255 255 255 255 255 227 254 0 0
0 0 0 0 0 0 0 0 0 0 0 7 255 127 255 255 255 255 255 255 255 161 255 0 0
0 0 0 0 0 0 0 0 0 0 0 4 255 191 255 255 255 255 255 255 255 129 251 128 0
0 0 0 0 0 0 0 0 0 0 0 0 255 151 255 255 255 255 255 255 253 128 98 64 0
0 0 0 0 0 0 0 0 0 0 0 0 127 7 255 255 255 255 255 255 252 0 0 0 0
0 0 0 0 0 0 0 0 0 0 0 2 255 13 191 255 255 255 255 255 240 0 0 0 0
0 0 0 0 0 0 0 0 0 0 0 2 198 0 255 255 255 255 255 255 120 0 64 0 0
0 0 0 0 0 0 0 0 0 0 0 1 66 1 255 255 255 255 255 254 124 0 0 0 0
0 0 0 0 0 0 0 0 0 0 0 0 2 1 122 255 255 255 255 250 120 0 0 0 0
0 0 0 0 0 0 0 0 0 0 0 0 0 0 104 207 255 255 255 176 8 0 0 0 0
0 0 0 0 0 0 0 0 0 0 0 0 0 2 65 143 255 255 245 128 0 0 0 0 0
0 0 0 0 0 0 0 0 0 0 0 0 0 0 0 192 7 254 1 24 32 0 0 0 0
0 0 0 0 0 0 0 0 0 0 0 0 64 0 64 0 31 255 128 0 0 0 0 0 0
0 0 0 0 0 0 0 0 0 0 0 0 0 0 0 0 31 255 192 0 0 0 0 0 0
0 0 0 0 0 0 0 0 0 0 0 0 0 0 0 0 63 255 224 0 0 0 0 0 0
0 0 0 0 0 0 0 0 0 0 0 0 0 0 0 0 127 255 224 0 0 0 0 0 0
0 0 0 0 0 0 0 0 0 0 0 0 0 0 0 0 255 255 252 0 0 0 0 0 0
0 0 0 0 0 0 0 0 0 0 0 0 0 0 0 3 255 255 228 0 0 0 0 0 0
0 0 0 0 0 0 0 0 0 0 0 0 0 0 0 2 255 255 240 0 0 0 0 0 0
0 0 0 0 0 0 0 0 0 0 0 0 0 0 0 0 255 255 252 0 0 0 0 0 0
0 0 0 0 0 0 0 0 0 0 0 0 0 0 0 3 255 255 248 0 0 0 0 0 0
0 0 0 0 0 0 0 0 0 0 0 0 0 0 0 5 255 255 240 0 0 0 0 0 0
0 0 0 0 0 0 0 0 0 0 0 0 0 0 0 0 255 255 248 0 0 0 0 0 0
0 0 0 0 0 0 0 0 0 0 0 0 0 0 0 1 255 255 240 0 0 0 0 0 0
0 0 0 0 0 0 0 0 0 0 0 0 0 0 0 0 127 255 248 0 0 0 0 0 0
0 0 0 0 0 0 0 0 0 0 0 0 0 0 0 0 255 255 252 0 0 0 0 0 0
0 0 0 0 0 0 0 0 0 0 0 0 0 0 0 0 255 255 208 0 0 0 0 0 0
0 0 0 0 0 0 0 0 0 0 0 0 0 0 0 1 127 255 128 0 0 0 0 0 0
0 0 0 0 0 0 0 0 0 0 0 0 0 0 0 0 15 255 128 0 0 0 0 0 0
0 0 0 0 0 0 0 0 0 0 0 0 0 0 0 0 11 248 0 0 0 0 0 0 0
0 0 0 0 0 0 0 0 0 0 0 0 0 0 0 0 0 124 0 0 0 0 0 0 0
0 0 0 0 0 0 0 0 0 0 0 0 0 0 0 0 0 124 0 0 0 0 0 0 0
0 0 0 0 0 0 0 0 0 0 0 0 0 0 0 0 1 124 0 0 0 0 0 0 0
0 0 0 0 0 0 0 0 0 0 0 0 0 0 0 0 0 122 0 0 0 0 0 0 0
0 0 0 0 0 0 0 0 0 0 0 0 0 0 0 0 0 240 0 0 0 0 0 0 0
0 0 0 0 0 0 0 0 0 0 0 0 0 0 0 0 0 0 0 0 0 0 0 0 0
0 0 0 0 0 0 0 0 0 0 0 0 0 0 0 0 0 0 0 0 0 0 0 0 0
0 0 0 0 0 0 0 0 0 0 0 0 0 0 0 0 0 0 0 0 0 0 0 0 0
0 0 0 0 0 0 0 0 0 0 0 0 0 0 0 0 0 0 0 0 0 0 0 0 0
0 0 0 0 0 0 0 0 0 0 0 0 0 0 0 0 0 0 0 0 0 0 0 0 0
0 0 0 0 0 0 0 0 0 0 0 0 0 0 0 0 0 0 0 0 0 0 0 0 0
0 0 0 0 0 0 0 0 0 0 0 0 0 0 0 0 0 0 0 0 0 0 0 0 0
0 0 0 0 0 0 0 0 0 0 0 0 0 0 0 0 0 0 0 0 0 0 0 0 0
0 0 0 0 0 0 0 0 0 0 0 0 0 0 0 0 0 0 0 0 0 0 0 0 0
0 0 0 0 0 0 0 0 0 0 0 0 0 0 0 0 0 0 0 0 0 0 0 0 0
